703 453
701 438
681 469
698 515
711 552
728 526
750 524
720 502
724 472
680 473
731 454
769 432
788 389
772 419
776 376
819 359
842 401
870 361
866 375
852 411
842 450
846 400
844 346
873 356
841 330
842 336
824 314
786 335
786 337
766 292
768 304
773 337
807 310
756 305
790 295
754 287
748 258
766 270
744 251
788 244
805 220
824 264
815 309
829 292
784 318
801 294
762 302
797 282
775 297
762 327
778 356
775 338
784 355
794 361
783 328
802 352
807 376
860 368
909 357
899 351
921 353
949 352
952 377
917 372
913 327
928 377
931 336
970 348
918 338
930 313
942 276
914 288
885 255
861 217
835 171
811 167
781 209
784 186
810 190
823 178
781 205
775 234
727 249
679 261
715 249
686 257
664 263
688 303
732 298
715 292
725 328
714 365
699 365
735 344
722 353
766 350
782 353
764 388
774 405
802 397
777 369
765 402
743 445
769 434
788 463
802 418
788 431
789 432
780 453
780 433
791 450
763 439
742 466
733 488
755 525
743 575
726 570
712 606
701 641
696 608
714 631
678 597
673 547
698 551
652 569
622 576
574 571
575 545
582 516
566 491
549 454
502 457
538 491
531 522
556 497
527 487
496 501
450 483
438 525
417 549
469 535
463 576
483 607
436 596
419 565
366 568
362 590
312 571
292 601
317 581
351 619
302 609
307 617
333 624
311 597
329 627
330 628
307 584
275 567
308 564
351 596
382 605
365 634
404 659
439 691
479 661
512 629
549 648
518 605
504 634
470 600
513 577
520 570
484 574
463 605
438 619
478 628
468 587
424 579
417 623
421 623
414 676
363 663
360 672
386 703
351 687
357 646
390 683
415 645
463 624
490 665
473 625
504 583
551 577
551 540
566 568
590 580
605 537
615 539
625 584
602 630
608 585
660 602
678 595
672 634
644 606
592 606
618 649
606 693
615 643
661 654
648 692
636 682
629 646
656 635
654 582
642 531
639 566
602 528
630 522
650 551
677 507
664 466
697 434
728 410
675 409
681 392
728 395
779 391
786 442
824 425
829 392
868 364
869 407
917 398
867 405
825 385
818 386
814 339
787 340
789 381
805 361
842 371
835 345
807 362
788 342
789 317
820 300
825 294
813 336
806 372
804 400
821 392
770 400
787 368
777 410
763 374
792 403
808 393
829 402
847 426
851 452
859 462
857 408
846 417
805 385
820 370
817 406
843 384
868 419
835 419
792 428
749 450
713 487
763 489
803 477
795 490
804 445
829 416
850 407
879 402
919 389
909 432
909 458
859 475
854 448
877 446
914 431
931 438
883 412
925 413
904 427
868 427
857 473
862 481
825 494
781 523
812 526
861 539
862 505
827 538
806 562
853 581
825 551
806 523
815 522
840 568
817 565
790 594
793 610
749 590
720 599
716 623
678 588
701 610
683 613
681 593
716 577
678 604
674 645
644 653
616 610
597 559
594 546
630 535
659 546
681 528
684 550
650 555
672 582
653 538
656 504
635 479
633 470
668 443
699 449
669 426
662 384
674 381
681 384
714 420
760 433
790 404
832 404
848 425
814 418
833 438
839 405
875 370
924 348
943 301
893 301
900 269
868 228
870 263
872 275
894 272
847 267
867 234
829 272
805 268
809 225
824 204
809 198
813 223
818 202
830 169
865 129
854 121
815 85
768 110
750 68
749 53
732 32
719 72
701 48
694 91
663 49
666 91
674 51
625 36
592 73
577 78
590 105
641 94
664 51
618 23
584 40
602 61
568 73
569 23
617 9
617 25
630 59
649 79
637 122
609 82
602 111
649 131
677 150
649 166
679 122
670 134
648 169
662 188
637 189
619 158
600 128
610 180
578 188
594 171
596 129
610 168
631 214
663 196
637 148
611 191
574 230
577 254
545 250
572 263
528 261
542 252
537 265
504 299
524 302
534 293
559 315
539 326
501 323
514 297
524 286
574 288
588 329
562 297
542 335
531 313
530 357
522 380
537 339
484 333
526 329
559 336
586 374
567 351
579 300
581 266
581 225
544 230
580 224
596 250
542 242
513 230
477 265
506 241
479 248
524 226
538 209
569 232
597 199
637 163
605 129
604 179
634 225
605 224
642 217
656 254
667 235
702 197
714 145
677 185
634 157
659 195
687 235
658 260
615 271
594 298
584 294
588 283
642 284
651 330
626 282
578 302
599 263
578 221
572 257
526 253
539 232
558 191
591 198
644 186
656 213
658 242
672 276
667 328
695 304
684 279
653 240
624 271
613 308
621 358
597 379
581 375
589 371
553 382
591 390
556 412
545 427
535 399
505 378
507 380
546 401
563 379
592 361
601 384
649 385
663 420
711 404
721 378
767 355
767 353
809 366
789 356
800 309
822 317
827 341
809 392
792 412
762 388
754 434
754 431
763 467
798 427
791 400
780 406
755 424
702 414
691 367
698 345
693 309
738 318
712 282
698 326
699 366
736 391
763 371
764 409
805 387
800 358
793 353
755 342
798 349
778 400
777 431
794 472
787 425
745 453
731 464
747 433
726 416
729 362
772 382
823 394
792 374
795 424
812 387
833 428
864 456
838 415
854 381
848 394
858 349
867 300
867 281
874 329
911 330
899 376
924 339
963 335
922 299
908 326
911 374
877 393
928 374
973 373
951 406
972 429
993 381
988 359
951 395
940 346
944 382
968 347
993 324
1030 341
1011 336
1013 368
1066 380
1062 423
1093 384
1097 390
1111 428
1140 465
1147 451
1140 477
1103 513
1131 491
1134 447
1145 407
1117 421
1126 401
1138 363
1122 316
1110 281
1075 261
1115 291
1085 321
1065 334
1055 299
1077 345
1074 334
1097 371
1077 363
1109 369
1091 385
1041 383
1064 342
1111 316
1081 349
1045 359
1000 371
995 391
980 360
1018 350
1010 366
1013 412
1048 404
1088 425
1100 462
1070 503
1062 514
1058 563
1018 600
1026 620
1042 623
1002 610
1011 567
1026 527
1046 479
1015 451
1017 505
1020 483
1000 530
1010 573
1002 545
970 577
1010 546
981 569
1026 570
1059 599
1026 559
1056 580
1093 603
1046 590
1027 592
1047 556
1089 565
1105 562
1060 564
1113 576
1107 535
1093 571
1101 576
1109 546
1061 561
1084 557
1053 602
1056 654
1031 644
1019 696
975 674
929 670
931 633
906 640
917 598
902 627
888 666
900 656
851 642
883 665
878 662
886 635
898 654
880 629
864 610
881 587
895 632
948 632
982 655
1012 614
1031 620
1065 608
1065 618
1051 625
1069 657
1018 643
967 652
981 613
966 634
972 594
999 582
1023 600
996 603
972 577
948 549
935 538
964 538
1001 557
1044 558
1027 565
1038 590
1028 556
1017 529
1009 492
1034 483
1032 508
1037 512
1009 521
1039 526
1030 509
1039 551
1020 514
1045 497
1039 475
1033 489
1082 476
1092 452
1075 452
1105 463
1096 509
1107 478
1096 459
1079 454
1053 425
1088 416
1039 409
1068 411
1056 443
1094 418
1088 460
1042 465
1076 480
1087 518
1134 497
1109 476
1123 475
1129 433
1140 481
1118 451
1088 427
1080 429
1036 430
1082 445
1050 488
1008 463
997 491
947 489
924 489
906 519
904 494
887 466
905 446
915 478
884 513
856 535
837 503
791 514
745 504
706 531
687 501
678 531
714 523
722 494
698 477
648 460
678 465
685 496
677 488
654 502
643 554
646 552
615 510
621 559
606 555
556 565
585 526
628 500
631 485
610 487
586 500
576 523
575 491
600 534
560 546
516 558
526 545
555 536
549 482
535 472
548 501
522 497
555 462
541 457
546 486
589 479
593 431
636 403
603 372
625 419
630 371
664 333
671 337
661 300
640 350
587 359
608 382
564 356
587 356
560 327
579 329
602 285
558 301
522 302
560 281
562 315
541 285
556 293
572 275
569 302
576 271
588 305
614 312
596 340
592 366
590 324
624 340
628 361
599 381
611 345
583 381
586 404
588 414
607 447
562 466
582 459
623 454
618 446
602 436
611 465
591 501
605 455
604 409
614 434
616 468
577 441
598 486
608 500
635 466
651 504
605 487
588 499
536 491
558 447
530 456
538 457
573 419
601 447
600 446
582 438
535 431
506 446
554 449
564 458
579 485
599 447
588 439
542 434
564 449
604 451
612 496
575 472
622 475
632 428
588 417
575 429
548 398
579 433
528 428
508 431
488 449
446 469
426 490
436 456
457 413
490 456
475 475
514 480
543 460
516 441
494 472
524 514
556 558
524 590
483 592
518 596
541 561
528 567
557 598
541 615
582 624
584 627
594 636
565 649
589 692
571 670
543 647
489 638
525 675
559 663
539 620
556 608
517 591
488 626
482 574
463 548
466 564
474 522
509 518
532 525
552 525
572 505
528 533
520 493
516 502
502 511
519 501
484 491
466 486
459 521
461 545
492 586
540 576
574 582
537 579
543 577
518 536
555 563
596 534
571 543
555 587
587 628
620 605
621 654
624 649
621 610
657 621
663 589
645 541
673 530
687 489
712 477
701 462
677 460
704 427
713 453
676 416
726 402
693 390
715 367
722 378
738 335
755 293
781 254
834 256
838 292
835 340
839 349
840 350
808 359
780 358
789 390
816 356
822 322
813 340
806 328
829 371
836 337
857 374
904 402
874 424
